0.11052
0.01348
0.00249
0.00055
0.00042
0.00028
0.00030
0.00030
0.00031
0.00032
0.00080
0.00041
0.00027
0.00032
0.00024
0.00013
0.00021
0.00015
0.00015
0.00014
0.00013
0.00013
0.00012
0.00016
0.00015
0.00011
0.00011
0.00010
0.00012
0.00018
0.00016
0.00008
0.00009
0.00014
0.00011
0.00009
0.00016
0.00030
0.00018
0.00015
0.00009
0.00012
0.00011
0.00009
0.00012
0.00015
0.00012
0.00010
0.00027
0.00018
0.00039
0.00023
0.00029
0.00044
0.00045
0.00015
0.00037
0.00018
0.00026
0.00026
0.00032
0.00020
0.00029
0.00027
0.00032
0.00063
0.00033
0.00048
0.00024
0.00052
0.00036
0.00033
0.00037
0.00041
0.00053
0.00075
0.00047
0.00075
0.00203
0.00045
0.00040
0.00019
0.00020
0.00023
0.00029
0.00046
0.00041
0.00121
0.00610
0.00107
0.00043
0.00023
0.00020
0.00022
0.00018
0.00019
0.00012
0.00017
0.00014
0.00016
0.00010
0.00020
0.00007
0.00014
0.00011
0.00013
0.00014
0.00009
0.00013
0.00010
0.00014
0.00012
0.00011
0.00009
0.00015
0.00008
0.00043
0.00200
0.00830
0.00380
0.00172
0.00070
0.00022
0.00025
0.00015
0.00047
0.00093
0.00397
0.00045
0.00031
0.00031
0.00287
0.00929
0.00249
0.00195
0.00325
0.00043
0.00045
0.00053
0.00041
0.00043
0.00054
0.00059
0.00394
0.00435
0.00050
0.00051
0.00023
0.00027
0.00023
0.00010
0.00034
0.00021
0.00020
0.00016
0.00058
0.00032
0.00044
0.00037
0.00014
0.00012
0.00009
0.00012
0.00013
0.00014
0.00011
0.00008
0.00013
0.00016
0.00021
0.00014
0.00010
0.00011
0.00009
0.00014
0.00009
0.00011
0.00012
0.00008
0.00009
0.00016
0.00012
0.00013
0.00008
0.00006
0.00009
0.00011
0.00009
0.00010
0.00009
0.00010
0.00011
0.00006
0.00007
0.00009
0.00010
0.00010
0.00008
0.00012
0.00011
0.00011
0.00012
0.00024
0.00717
0.00154
0.00036
0.00040
0.00052
0.00112
0.00066
0.00095
0.00038
0.00051
0.00040
0.00027
0.00018
0.00015
0.00020
0.00011
0.00075
0.00016
0.00011
0.00039
0.00014
0.00009
0.00009
0.00009
0.00010
0.00012
0.00010
0.00011
0.00011
0.00009
0.00010
0.00059
0.00012
0.00011
0.00012
0.00011
0.00009
0.00009
0.00013
0.00013
0.00009
0.00009
0.00011
0.00013
0.00011
0.00040
0.00538
0.00138
0.00034
0.00210
0.00085
0.00073
0.00037
0.00023
0.00036
0.00017
0.00019
0.00011
0.00015
0.00018
0.00012
0.00020
0.00013
0.00019
0.00009
0.00013
0.00011
0.00018
0.00082
0.00073
0.00021
0.00032
0.00029
0.00015
0.00013
0.00010
0.00014
0.00010
0.00018
0.00009
0.00010
0.00013
0.00011
0.00010
0.00015
0.00016
0.00010
0.00016
0.00010
0.00013
0.00011
0.00006
0.00013
0.00010
0.00007
0.00011
0.00009
0.00011
0.00009
0.00013
0.00013
0.00010
0.00008
0.00013
0.00015
0.00011
0.00013
0.00010
0.00009
0.00013
0.00011
0.00009
0.00018
0.00039
0.00016
0.00016
0.00015
0.00014
0.00007
0.00013
0.00018
0.00015
0.00010
0.00007
0.00009
0.00013
0.00014
0.00011
0.00023
0.00018
0.00028
0.00021
0.00013
0.00011
0.00016
0.00015
0.00014
0.00014
0.00014
0.00012
0.00014
0.00054
0.00019
0.00094
0.00014
0.00010
0.00011
0.00015
0.00008
0.00015
0.00012
0.00020